3173010001000101
3173010001000102
3173010001000103
3173010001000200
3173010001000300
3173010001000400
3173010001000500
3173010001000601
3173010001000602
3173010001000603
3173010001000604
3173010001000605
3173010001000606
3173010001000607
3173010001000700
3173010001000800
3173010001000900
3173010001001000
3173010001001100
3173010001001200
3173010001202800
3173010001500100
3173010001500200
3173010001500300
3173010001500400
3173010001500500
3173010001500600
3173010001500701
3173010001500702
3173010001500703
3173010001500800
3173010001500900
3173010001501000
3173010001501100
3173010001501200
3173010001501300
3173010001501400
3173010001501500
3173010001501600
3173010001501700
3173010001501800
3173010001501900
3173010001502000
3173010001502100
3173010001502201
3173010001502202
3173010001502301
3173010001502302
3173010001502303
3173010001502400
3173010001502500
3173010001502600
3173010001502701
3173010001502702
3173010001502900
3173010002000100
3173010002000200
3173010002000300
3173010002000401
3173010002000402
3173010002000500
3173010002000600
3173010002000700
3173010002000800
3173010002000900
3173010002001000
3173010002001100
3173010002001200
3173010002001301
3173010002001302
3173010002001303
3173010002001304
3173010002001400
3173010002001500
3173010002001600
3173010002001701
3173010002001702
3173010002001703
3173010002001800
3173010002001900
3173010002002000
3173010002002100
3173010002002201
3173010002002202
3173010002002203
3173010002002204
3173010002002300
3173010002002400
3173010002002500
3173010002002600
3173010002002700
3173010002002800
3173010002002901
3173010002002902
3173010002002903
3173010002002904
3173010002003000
3173010002003100
3173010002003200
3173010002003300
3173010002003400
3173010002003500
3173010002003600
3173010002003700
3173010002003800
3173010002003900
3173010002004000
3173010002004100
3173010002004200
3173010002004300
3173010002004400
3173010002004500
3173010002004600
3173010002004700
3173010002004800
3173010002004900
3173010002005000
3173010002005100
3173010002005200
3173010002005300
3173010002005400
3173010002005500
3173010002005600
3173010002005700
3173010002005800
3173010002005900
3173010002006000
3173010002006100
3173010002006200
3173010002006300
3173010002006400
3173010002006500
3173010002006600
3173010002006700
3173010002006800
3173010002006900
3173010002007000
3173010002007100
3173010002007200
3173010002007300
3173010002007400
3173010002007500
3173010002007600
3173010002007700
3173010002007800
3173010002007900
3173010002008000
3173010002008101
3173010002008102
3173010002008200
3173010002008300
3173010002008400
3173010002008500
3173010002008600
3173010002008700
3173010002008800
3173010002008901
3173010002008902
3173010002008903
3173010002008904
3173010002008905
3173010002009000
3173010002009101
3173010002009102
3173010002009200
3173010002009300
3173010002009400
3173010002009500
3173010002009600
3173010002009700
3173010002009800
3173010002009900
3173010002010000
3173010002010100
3173010002010200
3173010002010300
3173010002010400
3173010002010500
3173010002010600
3173010002010700
3173010002010800
3173010002010900
3173010002011000
3173010002011100
3173010002011200
3173010002011300
3173010002011400
3173010002011500
3173010002011600
3173010002011700
3173010002011800
3173010002011900
3173010002012000
3173010002012100
3173010002012200
3173010002012300
3173010002200100
3173010002500200
3173010002500301
3173010002500302
3173010002500303
3173010002500304
3173010002500400
3173010002500500
3173010002500600
3173010003000100
3173010003000200
3173010003000300
3173010003000401
3173010003000402
3173010003000403
3173010003000404
3173010003000405
3173010003000406
3173010003000501
3173010003000502
3173010003000503
3173010003000504
3173010003000601
3173010003000602
3173010003000603
3173010003000604
3173010003000605
3173010003000606
3173010003000607
3173010003000700
3173010003000800
3173010003000900
3173010003001000
3173010003001100
3173010003001200
3173010003001300
3173010003001400
3173010003001500
3173010003001600
3173010003001700
3173010003001800
3173010003001900
3173010003002000
3173010003002100
3173010003002200
3173010003002300
3173010003002400
3173010003002500
3173010003002600
3173010003002700
3173010003002800
3173010003002900
3173010003003000
3173010003003100
3173010003003200
3173010003003300
3173010003003400
3173010003003500
3173010003003600
3173010003003700
3173010003003800
3173010003003900
3173010003004000
3173010003004100
3173010003004200
3173010003004300
3173010003004400
3173010003004500
3173010003004600
3173010003004700
3173010003004800
3173010003004900
3173010003005000
3173010003005101
3173010003005102
3173010003005200
3173010003005300
3173010003005400
3173010003005500
3173010003005600
3173010003005700
3173010003005800
3173010003005901
3173010003005902
3173010003005903
3173010003006001
3173010003006002
3173010003006003
3173010003006004
3173010003006005
3173010003006006
3173010003006007
3173010003006008
3173010003006009
3173010003006010
3173010003006011
3173010003006012
3173010003006013
3173010003006014
3173010003006015
3173010003006016
3173010003006017
3173010003006100
3173010003006200
3173010003006300
3173010003006400
3173010003006501
3173010003006502
3173010003006503
3173010003006504
3173010003006505
3173010003006506
3173010003006507
3173010003006508
3173010003006509
3173010003006510
3173010003006511
3173010003006512
3173010003006513
3173010003006514
3173010003006515
3173010003006516
3173010003006517
3173010003006518
3173010003006519
3173010003006601
3173010003006602
3173010003006603
3173010003006604
3173010003006605
3173010003006606
3173010003006607
3173010003006608
3173010003006609
3173010003006610
3173010003006611
3173010003006612
3173010003006613
3173010003006614
3173010003006615
3173010003006616
3173010003006617
3173010003006618
3173010003006619
3173010003006620
3173010003006621
3173010003006622
3173010003006701
3173010003006702
3173010003006703
3173010003300400
3173010003300500
3173010003500100
3173010003500200
3173010003500300
3173010003500600
3173010004000100
3173010004000200
3173010004000400
3173010004000500
3173010004000600
3173010004000700
3173010004000800
3173010004001000
3173010004001200
3173010004001300
3173010004001400
3173010004001501
3173010004001502
3173010004001600
3173010004001700
3173010004001800
3173010004001901
3173010004001902
3173010004002001
3173010004002002
3173010004002100
3173010004002200
3173010004002300
3173010004002400
3173010004002500
3173010004002600
3173010004002700
3173010004002800
3173010004002900
3173010004003000
3173010004003100
3173010004003200
3173010004003300
3173010004003400
3173010004003500
3173010004003600
3173010004003700
3173010004003800
3173010004003900
3173010004004000
3173010004004100
3173010004004200
3173010004004300
3173010004004400
3173010004004501
3173010004004502
3173010004004503
3173010004004504
3173010004004600
3173010004004700
3173010004004801
3173010004004802
3173010004004803
3173010004004804
3173010004004805
3173010004004806
3173010004004807
3173010004004808
3173010004004809
3173010004004810
3173010004004811
3173010004004812
3173010004004813
3173010004004814
3173010004004815
3173010004004816
3173010004004817
3173010004004818
3173010004004819
3173010004004820
3173010004004821
3173010004004822
3173010004004823
3173010004004824
3173010004004825
3173010004004826
3173010004004827
3173010004004828
3173010004004829
3173010004004830
3173010004004831
3173010004004832
3173010004004833
3173010004004834
3173010004004835
3173010004004836
3173010004004837
3173010004004838
3173010004004839
3173010004004840
3173010004004841
3173010004004842
3173010004004843
3173010004004844
3173010004004845
3173010004004846
3173010004004847
3173010004004848
3173010004004849
3173010004004850
3173010004004851
3173010004004852
3173010004004853
3173010004004854
3173010004004855
3173010004004856
3173010004004857
3173010004004858
3173010004004859
3173010004004860
3173010004004861
3173010004004862
3173010004004863
3173010004004864
3173010004004865
3173010004004866
3173010004004867
3173010004004868
3173010004004901
3173010004004902
3173010004004903
3173010004004904
3173010004004905
3173010004004906
3173010004004907
3173010004004908
3173010004004909
3173010004004910
3173010004004911
3173010004004912
3173010004004913
3173010004004914
3173010004004915
3173010004004916
3173010004004917
3173010004004918
3173010004004919
3173010004004920
3173010004004921
3173010004004922
3173010004004923
3173010004004924
3173010004005000
3173010004005100
3173010004005200
3173010004005300
3173010004005400
3173010004005500
3173010004005600
3173010004005700
3173010004005800
3173010004005900
3173010004006000
3173010004006100
3173010004006200
3173010004006300
3173010004006400
3173010004006500
3173010004006601
3173010004006602
3173010004006700
3173010004006800
3173010004006900
3173010004007000
3173010004007100
3173010004007200
3173010004007300
3173010004007400
3173010004007500
3173010004007600
3173010004007700
3173010004007800
3173010004007900
3173010004008000
3173010004008100
3173010004008200
3173010004008300
3173010004008400
3173010004008500
3173010004008600
3173010004008700
3173010004008800
3173010004008900
3173010004009000
3173010004009100
3173010004009200
3173010004009300
3173010004009400
3173010004009500
3173010004009600
3173010004009700
3173010004009800
3173010004009900
3173010004010000
3173010004010100
3173010004010200
3173010004010300
3173010004010400
3173010004010500
3173010004010600
3173010004010700
3173010004010800
3173010004010900
3173010004011000
3173010004011100
3173010004011200
3173010004011300
3173010004011400
3173010004011500
3173010004011600
3173010004011700
3173010004011800
3173010004011900
3173010004012000
3173010004012100
3173010004012200
3173010004012300
3173010004012400
3173010004012500
3173010004012600
3173010004012700
3173010004012800
3173010004012900
3173010004013000
3173010004013100
3173010004013200
3173010004013300
3173010004013400
3173010004300500
3173010004300601
3173010004300602
3173010004300603
3173010004300604
3173010004300605
3173010004300606
3173010004500101
3173010004500102
3173010004500103
3173010004500201
3173010004500202
3173010004500203
3173010004500204
3173010004500205
3173010004500206
3173010004500300
3173010004500401
3173010004500402
3173010004500403
3173010004500404
3173010004500405
3173010004500406
3173010005000100
3173010005000200
3173010005000300
3173010005000400
3173010005000500
3173010005000600
3173010005000700
3173010005000800
3173010005000900
3173010005001000
3173010005001100
3173010005001200
3173010005001300
3173010005001400
3173010005001500
3173010005001600
3173010005001700
3173010005001800
3173010005001900
3173010005002000
3173010005002100
3173010005002200
3173010005002300
3173010005002400
3173010005002500
3173010005002600
3173010005002700
3173010005002800
3173010005002900
3173010005003000
3173010005003100
3173010005003200
3173010005003300
3173010005003400
3173010005003500
3173010005003600
3173010005003700
3173010005003800
3173010005003900
3173010005004000
3173010005004100
3173010005004200
3173010005004300
3173010005004400
3173010005004500
3173010005004600
3173010005004700
3173010005004800
3173010005004900
3173010005005000
3173010005005100
3173010005005200
3173010005005300
3173010005005400
3173010005005500
3173010005005600
3173010005005700
3173010005005800
3173010005005900
3173010005006000
3173010005006100
3173010005006200
3173010005006300
3173010005006400
3173010005006500
3173010005006600
3173010005006700
3173010005006800
3173010005007000
3173010005007100
3173010005007201
3173010005007202
3173010005007203
3173010005007204
3173010005007205
3173010005007206
3173010005007207
3173010005007208
3173010005007209
3173010005007210
3173010005007211
3173010005007212
3173010005007213
3173010005007214
3173010005007215
3173010005007300
3173010005007400
3173010005007500
3173010005007600
3173010005007700
3173010005007800
3173010005007900
3173010005008000
3173010005008100
3173010005008200
3173010005008300
3173010005008400
3173010005008500
3173010005008600
3173010005008700
3173010005008800
3173010005008900
3173010005009000
3173010005009100
3173010005009200
3173010005009300
3173010005009400
3173010005009500
3173010005009600
3173010005009700
3173010005009800
3173010005009900
3173010005010000
3173010005010100
3173010005010200
3173010005010300
3173010005010400
3173010005010500
3173010005010600
3173010005010700
3173010005010800
3173010005010900
3173010005011000
3173010005011100
3173010005011200
3173010005011300
3173010005011400
3173010005011500
3173010005011600
3173010005011700
3173010005300500
3173010005300600
3173010005300700
3173010005500200
3173010005500300
3173010005600100
3173010006000100
3173010006000200
3173010006000300
3173010006000400
3173010006000500
3173010006000600
3173010006000700
3173010006000800
3173010006000900
3173010006001000
3173010006001100
3173010006001200
3173010006001300
3173010006001400
3173010006001500
3173010006001600
3173010006001700
3173010006001800
3173010006001900
3173010006002000
3173010006002100
3173010006002200
3173010006002300
3173010006002400
3173010006002500
3173010006002600
3173010006002700
3173010006002800
3173010006002900
3173010006003000
3173010006003100
3173010006003200
3173010006003300
3173010006003400
3173010006003500
3173010006003600
3173010006003700
3173010006003800
3173010006003900
3173010006004000
3173010006004100
3173010006004200
3173010006004300
3173010006004400
3173010006004500
3173010006004600
3173010006004700
3173010006004800
3173010006004900
3173010006005000
3173010006005100
3173010006005200
3173010006005300
3173010006005400
3173010006005500
3173010006005600
3173010006005700
3173010006005800
3173010006005900
3173010006006000
3173010006006100
3173010006006200
3173010006006300
3173010006006400
3173010006006500
3173010006006600
3173010006006700
3173010006006800
3173010006006900
3173010006007000
3173010006007100
3173010006007200
3173010006007300
3173010006007400
3173010006007500
3173010006007600
3173010006007701
3173010006007702
3173010006007703
3173010006007704
3173010006007705
3173010006007801
3173010006007802
3173010006007803
3173010006007804
3173010006007805
3173010006007806
3173010006007807
3173010006007808
3173010006007809
3173010006007810
3173010006007811
3173010006007812
3173010006007813
3173010006007814
3173010006007815
3173010006007816
3173010006007817
3173010006007900
3173010006008000
3173010006008100
3173010006008200
3173010006008300
3173010006008400
3173010006008500
3173010006008600
3173010006008700
3173010006008800
3173010006008900
3173010006009000
3173010006009100
3173010006009201
3173010006009202
3173010006009203
3173010006009204
3173010006009300
3173010006009400
3173010006009500
3173010006009600
3173010006009700
3173010006009800
3173010006009900
3173010006010000
3173010006010100
3173010006010200
3173010006010300
3173010006010400
3173010006010500
3173010006010600
3173010006010700
3173010006010800
3173010006010901
3173010006010902
3173010006010903
3173010006010904
3173010006010905
3173010006010906
3173010006010907
3173010006010908
3173010006010909
3173010006010910
3173010006010911
3173010006010912
3173010006010913
3173010006010914
3173010006010915
3173010006010916
3173010006010917
3173010006010918
3173010006010919
3173010006011000
3173010006011100
3173010006011200
3173010006011300
3173010006011400
3173010006011500
3173010006011600
3173010006011700
3173010006011800
3173010006011900
3173010006012000
3173010006012100
3173010006012200
3173010006012300
3173010006012401
3173010006012402
3173010006012500
3173010006012600
3173010006012700
3173010006012800
3173010006012900
3173010006013000
3173010006013100
3173010006013200
3173010006013300
3173010006013400
3173010006013500
3173010006013600
3173010006013700
3173010006013800
3173010006013900
3173010006014000
3173010006014100
3173010006014200
3173010006014300
3173010006014400
3173010006014500
3173010006014600
3173010006014700
3173010006014800
3173010006014900
3173010006015000
3173010006015100
3173010006015200
3173010006500300
3173010007000100
3173010007000200
3173010007000300
3173010007000400
3173010007000500
3173010007000600
3173010007000700
3173010007000800
3173010007000900
3173010007001000
3173010007001101
3173010007001102
3173010007001103
3173010007001104
3173010007001105
3173010007001106
3173010007001107
3173010007001108
3173010007001109
3173010007001110
3173010007001111
3173010007001112
3173010007001113
3173010007001114
3173010007001115
3173010007001116
3173010007001117
3173010007001118
3173010007001119
3173010007001120
3173010007001200
3173010007001300
3173010007001400
3173010007001500
3173010007001600
3173010007001700
3173010007001800
3173010007001900
3173010007002000
3173010007002100
3173010007002300
3173010007002400
3173010007002500
3173010007002600
3173010007002700
3173010007002800
3173010007002900
3173010007003000
3173010007003100
3173010007003200
3173010007003300
3173010007003400
3173010007003500
3173010007003600
3173010007003701
3173010007003702
3173010007003801
3173010007003802
3173010007003803
3173010007003804
3173010007003805
3173010007003806
3173010007003807
3173010007003808
3173010007003809
3173010007003810
3173010007003811
3173010007003812
3173010007003813
3173010007003814
3173010007003815
3173010007003816
3173010007003817
3173010007003818
3173010007003819
3173010007003820
3173010007003821
3173010007003822
3173010007003823
3173010007003824
3173010007003825
3173010007003826
3173010007003827
3173010007003828
3173010007003829
3173010007003830
3173010007003831
3173010007003832
3173010007003833
3173010007003834
3173010007003835
3173010007003836
3173010007003837
3173010007003838
3173010007003839
3173010007003840
3173010007003841
3173010007003842
3173010007003843
3173010007003844
3173010007003845
3173010007003846
3173010007003847
3173010007003848
3173010007003849
3173010007003850
3173010007003851
3173010007003852
3173010007003853
3173010007003854
3173010007003855
3173010007003856
3173010007003857
3173010007003858
3173010007003859
3173010007003860
3173010007003861
3173010007003862
3173010007003863
3173010007003864
3173010007003865
3173010007003866
3173010007003867
3173010007003868
3173010007003869
3173010007003870
3173010007003871
3173010007003872
3173010007003873
3173010007003874
3173010007003875
3173010007003876
3173010007003877
3173010007003878
3173010007003879
3173010007003880
3173010007003881
3173010007003882
3173010007003883
3173010007003884
3173010007003885
3173010007003886
3173010007003887
3173010007003900
3173010007004000
3173010007004100
3173010007004200
3173010007004301
3173010007004302
3173010007004303
3173010007004304
3173010007004400
3173010007004500
3173010007004600
3173010007004700
3173010007004800
3173010007004900
3173010007005000
3173010007005100
3173010007005201
3173010007005202
3173010007005203
3173010007005300
3173010007005400
3173010007005500
3173010007005600
3173010007005700
3173010007005800
3173010007005900
3173010007006000
3173010007006100
3173010007006200
3173010007006300
3173010007006400
3173010007006500
3173010007006600
3173010007006700
3173010007006800
3173010007006900
3173010007007000
3173010007007100
3173010007007200
3173010007007700
3173010007007900
3173010007008000
3173010007008100
3173010007500101
3173010007500102
3173010007500103
3173010007500104
3173010007500201
3173010007500202
3173010007500203
3173010007500204
3173010007500205
3173010007500206
3173010007500300
3173020001000100
3173020001000200
3173020001000300
3173020001000400
3173020001000500
3173020001000600
3173020001000700
3173020001000800
3173020001000900
3173020001001000
3173020001001100
3173020001001200
3173020001001300
3173020001001400
3173020001001500
3173020001001600
3173020001001700
3173020001001800
3173020001001900
3173020001002000
3173020001002100
3173020001002200
3173020001002300
3173020001002400
3173020001002500
3173020001002600
3173020001002700
3173020001002800
3173020001002900
3173020001003000
3173020001003100
3173020001003200
3173020001003300
3173020001003400
3173020001003500
3173020001003600
3173020001003700
3173020001003800
3173020001003900
3173020001004000
3173020001004100
3173020001004200
3173020001004300
3173020001004400
3173020001004500
3173020001004600
3173020001004700
3173020001004800
3173020001004900
3173020001005000
3173020001005100
3173020001005200
3173020001005300
3173020001005400
3173020001005500
3173020001005600
3173020001005700
3173020001005801
3173020001005802
3173020001005803
3173020001005804
3173020001005901
3173020001005902
3173020001005903
3173020001005904
3173020001005905
3173020001005906
3173020001006001
3173020001006002
3173020001006100
3173020001006200
3173020001006300
3173020001006400
3173020001006500
3173020001006600
3173020001006700
3173020001006800
3173020001006900
3173020001007000
3173020001007100
3173020001007200
3173020001007300
3173020001007400
3173020001007500
3173020001007600
3173020001007700
3173020001007800
3173020001007900
3173020001008000
3173020001008100
3173020001008200
3173020001008300
3173020001008400
3173020001008500
3173020001008600
3173020001008700
3173020001008800
3173020001008900
3173020001009000
3173020001009100
3173020001009200
3173020001009300
3173020001009400
3173020001009500
3173020001009600
3173020001009700
3173020001009800
3173020001009900
3173020001010000
3173020001010100
3173020001010200
3173020001010300
3173020001010400
3173020001010500
3173020001010600
3173020001010700
3173020001010800
3173020001010900
3173020001011000
3173020001011100
3173020001011200
3173020001011300
3173020001011400
3173020001011500
3173020001011600
3173020001011700
3173020001011800
3173020001011900
3173020001012000
3173020001012100
3173020001012200
3173020001012300
3173020001012400
3173020001012500
3173020001012600
3173020001012700
3173020001012800
3173020001012900
3173020001013000
3173020001013100
3173020001013200
3173020001013300
3173020001013400
3173020001013500
3173020001013600
3173020001013700
3173020001013800
3173020001500100
3173020002000101
3173020002000102
3173020002000103
3173020002000200
3173020002000300
3173020002000400
3173020002000500
3173020002000600
3173020002000700
3173020002000800
3173020002000900
3173020002001000
3173020002001100
3173020002001200
3173020002001300
3173020002001400
3173020002001500
3173020002001600
3173020002001700
3173020002001800
3173020002001900
3173020002002000
3173020002002100
3173020002002200
3173020002002300
3173020002002400
3173020002002500
3173020002002600
3173020002002700
3173020002002800
3173020002002900
3173020002003000
3173020002003100
3173020002003200
3173020002003300
3173020002003400
3173020002003500
3173020002003600
3173020002003700
3173020002003800
3173020002003900
3173020002004000
3173020002004100
3173020002004200
3173020002004300
3173020002004400
3173020002004500
3173020002004600
3173020002004700
3173020002004800
3173020002004900
3173020002005001
3173020002005002
3173020002005100
3173020002005200
3173020002005300
3173020002005400
3173020002005500
3173020002005600
3173020002005700
3173020002005800
3173020002005900
3173020002006000
3173020002006100
3173020002006200
3173020002006300
3173020002006400
3173020002006500
3173020002006600
3173020002006700
3173020002006800
3173020002006900
3173020002007000
3173020002007100
3173020002007200
3173020002007300
3173020002007400
3173020002007500
3173020002007600
3173020002007700
3173020002007800
3173020002007900
3173020002008000
3173020002008100
3173020002008200
3173020002008300
3173020002008400
3173020002008500
3173020002008600
3173020002008700
3173020002008800
3173020002008900
3173020002009000
3173020002009100
3173020002009200
3173020002009300
3173020002009400
3173020002009500
3173020002009600
3173020002009700
3173020002009800
3173020002009900
3173020002010000
3173020002010100
3173020002010200
3173020002010300
3173020002010400
3173020003000100
3173020003000200
3173020003000300
3173020003000400
3173020003000500
3173020003000600
3173020003000700
3173020003000800
3173020003000900
3173020003001000
3173020003001100
3173020003001200
3173020003001300
3173020003001400
3173020003001500
3173020003001601
3173020003001602
3173020003001701
3173020003001702
3173020003001703
3173020003001704
3173020003001705
3173020003001706
3173020003001707
3173020003001708
3173020003001709
3173020003001710
3173020003001711
3173020003001712
3173020003001713
3173020003001714
3173020003001900
3173020003002000
3173020003002100
3173020003002200
3173020003002300
3173020003002400
3173020003002500
3173020003002600
3173020003002700
3173020003002800
3173020003002900
3173020003003000
3173020003003100
3173020003003200
3173020003003300
3173020003003400
3173020003003500
3173020003003600
3173020003003700
3173020003003800
3173020003003900
3173020003004000
3173020003004100
3173020003004200
3173020003004300
3173020003004400
3173020003004500
3173020003004600
3173020003004700
3173020003004800
3173020003004900
3173020003005001
3173020003005002
3173020003005100
3173020003005200
3173020003005300
3173020003005400
3173020003005501
3173020003005502
3173020003005600
3173020003005700
3173020003005800
3173020003005900
3173020004000100
3173020004000200
3173020004000300
3173020004000400
3173020004000500
3173020004000600
3173020004000700
3173020004000801
3173020004000802
3173020004000803
3173020004000900
3173020004001000
3173020004001100
3173020004001200
3173020004001300
3173020004001400
3173020004001500
3173020004001600
3173020004001700
3173020004001800
3173020004001900
3173020004002000
3173020004002100
3173020004002200
3173020004002300
3173020004002400
3173020004002500
3173020004002700
3173020004002800
3173020004002900
3173020004003000
3173020004003101
3173020004003102
3173020004003300
3173020004003400
3173020004003500
3173020004003600
3173020004003700
3173020004003800
3173020004003900
3173020004004000
3173020004004101
3173020004004102
3173020004004103
3173020004004104
3173020005000100
3173020005000200
3173020005000300
3173020005000400
3173020005000500
3173020005000600
3173020005000700
3173020005000800
3173020005000900
3173020005001000
3173020005001100
3173020005001200
3173020005001300
3173020005001401
3173020005001402
3173020005001500
3173020005001600
3173020005001700
3173020005001800
3173020005001900
3173020005002000
3173020005002100
3173020005002200
3173020005002300
3173020005002400
3173020005002500
3173020005002601
3173020005002602
3173020005002603
3173020005002700
3173020005002801
3173020005002802
3173020005002803
3173020005002900
3173020005003000
3173020005003100
3173020005003200
3173020005003300
3173020005003400
3173020005003500
3173020005003600
3173020005003700
3173020005003800
3173020005003900
3173020005004000
3173020005004100
3173020005004200
3173020005004300
3173020005004400
3173020005004500
3173020005004600
3173020005004700
3173020005004800
3173020005004900
3173020005005000
3173020005005100
3173020005005200
3173020005005300
3173020005005400
3173020005005500
3173020005005600
3173020005005700
3173020005005800
3173020005005900
3173020005006000
3173020005006100
3173020005006200
3173020005006300
3173020005006400
3173020005006500
3173020005006600
3173020005006700
3173020005006800
3173020005006900
3173020005007000
3173020005007100
3173020005007200
3173020005007300
3173020005007400
3173020005007500
3173030001000100
3173030001000200
3173030001000300
3173030001000400
3173030001000500
3173030001000700
3173030001000900
3173030001001000
3173030001001100
3173030001001200
3173030001001300
3173030001001400
3173030001001500
3173030001001600
3173030001001700
3173030001001800
3173030001001900
3173030001002000
3173030001002100
3173030001002200
3173030001002300
3173030001002400
3173030001002500
3173030001002600
3173030001002700
3173030001002800
3173030001002900
3173030001003000
3173030001003100
3173030001003200
3173030001003300
3173030001003400
3173030001003500
3173030001003600
3173030001003700
3173030001003800
3173030001003900
3173030001004001
3173030001004002
3173030001004003
3173030001004004
3173030001004005
3173030001004006
3173030001004007
3173030001004008
3173030001004009
3173030001004010
3173030001004101
3173030001004102
3173030001004103
3173030001004104
3173030001004105
3173030001004106
3173030001004107
3173030001004108
3173030001004109
3173030001004110
3173030001004111
3173030001004300
3173030001004400
3173030001004500
3173030001004600
3173030001004700
3173030001004800
3173030001004900
3173030001005000
3173030001005100
3173030001005200
3173030001005300
3173030001500100
3173030001500200
3173030001500301
3173030001500302
3173030001500303
3173030001500304
3173030001500305
3173030002000100
3173030002000200
3173030002000300
3173030002000400
3173030002000500
3173030002000600
3173030002000700
3173030002000800
3173030002000900
3173030002001000
3173030002001100
3173030002001200
3173030002001300
3173030002001401
3173030002001402
3173030002001403
3173030002001404
3173030002001405
3173030002001500
3173030002001600
3173030002001700
3173030002001800
3173030002001900
3173030002002000
3173030002002100
3173030002002200
3173030002002300
3173030002002400
3173030002002500
3173030002002600
3173030002002700
3173030002002800
3173030002002900
3173030002003000
3173030002003100
3173030002003200
3173030002003301
3173030002003302
3173030002003400
3173030002003500
3173030002003600
3173030002003700
3173030002003800
3173030002003900
3173030002004000
3173030002004100
3173030002004200
3173030002004300
3173030002004400
3173030002004500
3173030002004600
3173030002004700
3173030002004800
3173030002004900
3173030002005000
3173030002005100
3173030002005200
3173030002005300
3173030002005400
3173030002005500
3173030002005600
3173030002005700
3173030002005800
3173030002005900
3173030002006000
3173030002006100
3173030002006200
3173030002006300
3173030002006400
3173030002006500
3173030002006600
3173030002006700
3173030002006800
3173030002006900
3173030002007000
3173030002007100
3173030002007200
3173030002007300
3173030002007400
3173030002007500
3173030002007600
3173030002007700
3173030002007800
3173030002007900
3173030002008000
3173030002008100
3173030002008200
3173030002008300
3173030002008400
3173030002008500
3173030002008600
3173030002008700
3173030002008800
3173030002008900
3173030002009000
3173030002009100
3173030002009200
3173030002009300
3173030002009400
3173030002009500
3173030002009600
3173030002009700
3173030002009800
3173030002009900
3173030002010000
3173030002010100
3173030002010200
3173030002010300
3173030002010400
3173030002010500
3173030002010600
3173030002010700
3173030002010800
3173030002010900
3173030002011001
3173030002011002
3173030002011101
3173030002011102
3173030002011103
3173030002011200
3173030002011300
3173030002011400
3173030002011500
3173030002011601
3173030002011602
3173030002011603
3173030002011604
3173030002011605
3173030002011606
3173030002500101
3173030002500102
3173030002500103
3173030002500104
3173030002500105
3173030002500106
3173030003000100
3173030003000200
3173030003000300
3173030003000400
3173030003000500
3173030003000600
3173030003000700
3173030003000800
3173030003000901
3173030003000902
3173030003000903
3173030003001000
3173030003001101
3173030003001102
3173030003001200
3173030003001300
3173030003001400
3173030003001500
3173030003001600
3173030003001700
3173030003001801
3173030003001802
3173030003001900
3173030003002001
3173030003002002
3173030003002100
3173030003002200
3173030003002300
3173030003002400
3173030003002500
3173030003002600
3173030003002700
3173030003002800
3173030003002900
3173030003003000
3173030003003101
3173030003003102
3173030003003201
3173030003003202
3173030003003300
3173030003003401
3173030003003402
3173030003003500
3173030003003600
3173030003003700
3173030003003800
3173030003003900
3173030003004000
3173030003004100
3173030003004200
3173030003004300
3173030003004400
3173030003004500
3173030003004600
3173030003004700
3173030003004800
3173030003004900
3173030003005000
3173030003005100
3173030003005200
3173030003005300
3173030003005400
3173030003005500
3173030003005600
3173030003005700
3173030003005800
3173030003005900
3173030003006000
3173030003006100
3173030003006200
3173030003006300
3173030003006400
3173030003006500
3173030003006600
3173030003006700
3173030003006800
3173030003006900
3173030003007000
3173030003007100
3173030003007200
3173030003007300
3173030003007400
3173030003007500
3173030003007600
3173030003007700
3173030003007800
3173030003007900
3173030003008000
3173030003008100
3173030003008200
3173030003008300
3173030003008400
3173030003008500
3173030003008600
3173030003008700
3173030003008800
3173030003008900
3173030003009000
3173030003009100
3173030003009200
3173030003009300
3173030003009400
3173030003009500
3173030003009600
3173030004000100
3173030004000200
3173030004000300
3173030004000400
3173030004000500
3173030004000600
3173030004000700
3173030004000800
3173030004000900
3173030004001000
3173030004001100
3173030004001200
3173030004001300
3173030004001400
3173030004001500
3173030004001600
3173030004001700
3173030004001800
3173030004001900
3173030004002000
3173030004002100
3173030004002200
3173030004002300
3173030004002400
3173030004002500
3173030004002600
3173030004002700
3173030004002800
3173030004002900
3173030004003000
3173030004003100
3173030004003200
3173030004003300
3173030004003400
3173030004003500
3173030004003600
3173030004003700
3173030004003800
3173030004003900
3173030004004000
3173030004004100
3173030004004200
3173030004004300
3173030004004400
3173030004004500
3173030004004600
3173030004004700
3173030004004800
3173030004004900
3173030004005000
3173030004005100
3173030004005200
3173030004005300
3173030004005400
3173030004005500
3173030004005600
3173030004005700
3173030004005800
3173030004005900
3173030004006000
3173030004006100
3173030004006200
3173030004006300
3173030004006400
3173030004006500
3173030004006600
3173030004006700
3173030004006800
3173030004006900
3173030004007000
3173030004007100
3173030004007200
3173030004007300
3173030004007400
3173030004007500
3173030004007600
3173030004007700
3173030004007800
3173030004007900
3173030004008000
3173030004008100
3173030005000100
3173030005000200
3173030005000300
3173030005000401
3173030005000402
3173030005000403
3173030005000404
3173030005000501
3173030005000502
3173030005000503
3173030005000504
3173030005000505
3173030005000506
3173030005000600
3173030005000700
3173030005000801
3173030005000802
3173030005000900
3173030005001000
3173030005001100
3173030005001200
3173030005001300
3173030005001400
3173030005001500
3173030005001601
3173030005001602
3173030005001603
3173030005001604
3173030005001605
3173030005001606
3173030005001607
3173030005001608
3173030005001609
3173030005001610
3173030005001611
3173030005001612
3173030005001613
3173030005001614
3173030005001615
3173030005001616
3173030005001617
3173030005001618
3173030005001619
3173030005001620
3173030005001621
3173030005001622
3173030005001623
3173030005001624
3173030005001625
3173030005001626
3173030005001627
3173030005001701
3173030005001702
3173030005001800
3173030005001900
3173030005002000
3173030005002100
3173030005002200
3173030005002300
3173030005002400
3173030005002500
3173030005002600
3173030005002700
3173030005002800
3173030005002900
3173030005003000
3173030005003100
3173030005003200
3173030005003300
3173030005003400
3173030006000100
3173030006000200
3173030006000300
3173030006000400
3173030006000500
3173030006000600
3173030006000700
3173030006000800
3173030006000900
3173030006001000
3173030006001100
3173030006001200
3173030006001300
3173030006001400
3173030006001500
3173030006001600
3173030006001700
3173030006001800
3173030006001900
3173030006002000
3173030006002100
3173030006002200
3173030006002300
3173030006002400
3173030006002500
3173030006002600
3173030006002700
3173030006002800
3173030006002900
3173030006003000
3173030006003100
3173030006003200
3173030006003300
3173030006003400
3173030006003500
3173030006003600
3173030006003700
3173030006003800
3173030006003900
3173030006004000
3173030006004100
3173030006004200
3173030006004300
3173030006004400
3173030006004500
3173030006004600
3173030006004700
3173030006004800
3173030006004900
3173030006005000
3173030006005100
3173030006005200
3173030006005300
3173030006005400
3173030006005500
3173030006005600
3173030006005700
3173030006005800
3173030006005900
3173030006006000
3173030006006100
3173030006006200
3173030006006300
3173030006006400
3173030006006500
3173030006006600
3173030006006700
3173030006006800
3173030006006900
3173030006007000
3173030006007100
3173030006007200
3173030006007300
3173030006007400
3173030006007500
3173030006007600
3173030006007700
3173030006007800
3173030006007900
3173030006008000
3173030006008100
3173030006008200
3173030006008300
3173030006008400
3173030006008500
3173030006008600
3173030006008700
3173030006008800
3173030006008900
3173030006009000
3173030006009100
3173030006009200
3173030006009300
3173030006009400
3173030006009500
3173030006009600
3173030006009700
3173030006009800
3173030006009900
3173030006010000
3173030006010100
3173030006010200
3173030006010300
3173030006010400
3173030006010500
3173030006010600
3173030006010700
3173030006010800
3173030006010900
3173030006011000
3173030006011100
3173030006011200
3173030006011300
3173030006011400
3173030006011500
3173030006011600
3173030006011700
3173030006011800
3173030006011900
3173030006012000
3173030006012100
3173030006012200
3173030006012300
3173030006012400
3173030006012500
3173030006012600
3173030006012700
3173030006012800
3173030006012900
3173030006400200
3173030006500100
3173030006500301
3173030006500302
3173030006500401
3173030006500402
3173040001000100
3173040001000201
3173040001000202
3173040001000203
3173040001000204
3173040001000300
3173040001000400
3173040001000500
3173040001000600
3173040001000700
3173040001000800
3173040001000900
3173040001001000
3173040001001100
3173040001001200
3173040001001300
3173040001001400
3173040001001500
3173040001001600
3173040001001700
3173040001001800
3173040001001900
3173040001002000
3173040001002100
3173040001002200
3173040001002300
3173040001002400
3173040001002500
3173040001002600
3173040001002700
3173040001002800
3173040001002900
3173040001003000
3173040001003100
3173040001003200
3173040001003300
3173040001003400
3173040001003500
3173040001003600
3173040001003700
3173040001003800
3173040001003900
3173040001004000
3173040001004100
3173040001004200
3173040001004300
3173040001004400
3173040001004500
3173040001004600
3173040001004700
3173040001004800
3173040001004900
3173040001005000
3173040001005100
3173040001005200
3173040001005300
3173040001005400
3173040001005500
3173040001005600
3173040001005700
3173040001005800
3173040001005900
3173040001006000
3173040001006100
3173040001006200
3173040001006300
3173040001006400
3173040001006500
3173040001006600
3173040001006700
3173040001006800
3173040001006900
3173040001007000
3173040001007100
3173040001007200
3173040001007300
3173040001007400
3173040001007500
3173040001007600
3173040001007700
3173040001007800
3173040001007900
3173040001008000
3173040001008100
3173040001008200
3173040001008300
3173040001008400
3173040001008500
3173040001008600
3173040001008700
3173040001008800
3173040001008900
3173040001009000
3173040001009100
3173040001009200
3173040001009300
3173040001009400
3173040001009500
3173040001009600
3173040001009700
3173040001009800
3173040001009900
3173040001010000
3173040001010100
3173040001010200
3173040001010300
3173040001010400
3173040001010500
3173040001010600
3173040001010700
3173040001010800
3173040001010900
3173040001011000
3173040001011100
3173040001011200
3173040001011300
3173040001011400
3173040001011500
3173040001011600
3173040001011700
3173040001011800
3173040001011900
3173040001012000
3173040001012100
3173040001012200
3173040001012300
3173040001012400
3173040001012500
3173040001012600
3173040001012700
3173040001012800
3173040001012900
3173040001013000
3173040001013100
3173040001013200
3173040001013300
3173040001013400
3173040001013500
3173040001013600
3173040001013700
3173040001013800
3173040001013900
3173040001014000
3173040001014100
3173040001014200
3173040001014300
3173040001014400
3173040001014500
3173040001014600
3173040001014700
3173040001014800
3173040001014900
3173040001015000
3173040001015100
3173040001015200
3173040001015300
3173040001015400
3173040001015500
3173040001015600
3173040001015700
3173040001015800
3173040001015900
3173040001016000
3173040001016100
3173040001016200
3173040001016300
3173040001016400
3173040001016500
3173040001016600
3173040001016700
3173040001016800
3173040001016900
3173040001017000
3173040001017100
3173040001017200
3173040001017300
3173040002000100
3173040002000200
3173040002000300
3173040002000400
3173040002000500
3173040002000600
3173040002000700
3173040002000800
3173040002000900
3173040002001000
3173040002001100
3173040002001200
3173040002001300
3173040002001400
3173040002001500
3173040002001600
3173040002001700
3173040002001800
3173040002001900
3173040002002000
3173040002002100
3173040002002200
3173040002002300
3173040002002400
3173040002002500
3173040002002600
3173040002002700
3173040002002800
3173040002002900
3173040002003000
3173040002003100
3173040002003200
3173040002003300
3173040002003400
3173040002003500
3173040002003600
3173040002003700
3173040002003800
3173040002003900
3173040002004000
3173040002004100
3173040002004200
3173040002004300
3173040002004400
3173040002004500
3173040002004600
3173040002004700
3173040002004800
3173040002004900
3173040002005000
3173040002005100
3173040002005200
3173040002005300
3173040002005400
3173040002005500
3173040002005600
3173040002005700
3173040002005800
3173040002005900
3173040002006000
3173040002006100
3173040002006200
3173040002006300
3173040002006400
3173040002006500
3173040002006600
3173040002006700
3173040002006800
3173040002006900
3173040002007000
3173040002007100
3173040002007200
3173040002007300
3173040002007400
3173040002007500
3173040002007600
3173040002007700
3173040002007800
3173040002007900
3173040002008000
3173040002008100
3173040002008200
3173040002008300
3173040002008400
3173040002008500
3173040002008600
3173040002008700
3173040002008800
3173040002008900
3173040002009000
3173040002009100
3173040002009200
3173040002009300
3173040002009400
3173040002009500
3173040002009600
3173040002009700
3173040002009800
3173040002009900
3173040002010000
3173040002010100
3173040002010200
3173040002010300
3173040002010400
3173040003000100
3173040003000200
3173040003000300
3173040003000400
3173040003000500
3173040003000600
3173040003000700
3173040003000800
3173040003000900
3173040003001000
3173040003001100
3173040003001200
3173040003001300
3173040003001400
3173040003001500
3173040003001600
3173040003001700
3173040003001800
3173040003001900
3173040003002000
3173040003002100
3173040003002200
3173040003002300
3173040003002400
3173040003002500
3173040003002600
3173040003002700
3173040003002800
3173040003002900
3173040003003000
3173040003003100
3173040003003200
3173040003003300
3173040003003400
3173040003003500
3173040003003600
3173040003003700
3173040003003800
3173040003003900
3173040003004000
3173040003004100
3173040003004200
3173040003004300
3173040003004400
3173040003004500
3173040003004600
3173040003004700
3173040003004800
3173040003004900
3173040003005000
3173040003005100
3173040003005200
3173040003005300
3173040003005400
3173040003005500
3173040003005600
3173040003005700
3173040003005800
3173040003005900
3173040003006000
3173040003006100
3173040003006200
3173040003006300
3173040003006400
3173040003006500
3173040003006600
3173040003006700
3173040003006800
3173040003006900
3173040003007000
3173040003007100
3173040003007200
3173040003007300
3173040003007400
3173040003007500
3173040003007600
3173040003007700
3173040003007800
3173040003007900
3173040003008000
3173040003008100
3173040003008200
3173040003008300
3173040003008400
3173040003008500
3173040003008600
3173040003008700
3173040003008800
3173040003008900
3173040003009000
3173040003009100
3173040003009200
3173040003009300
3173040003009400
3173040003009500
3173040003009600
3173040003009700
3173040003009800
3173040003009900
3173040003010000
3173040003010101
3173040003010102
3173040003010200
3173040003010300
3173040003010400
3173040003010500
3173040003010600
3173040003010700
3173040003010800
3173040003010900
3173040003011000
3173040003011100
3173040003011200
3173040003011300
3173040003011400
3173040003011500
3173040003011600
3173040003011700
3173040003011800
3173040003011900
3173040003012000
3173040003012100
3173040003012200
3173040003012300
3173040003012400
3173040003012500
3173040003012600
3173040003012700
3173040003012800
3173040003012900
3173040003013000
3173040003013100
3173040003013200
3173040003013300
3173040003013400
3173040003013500
3173040003013600
3173040003013700
3173040003013800
3173040003013900
3173040003014000
3173040003014100
3173040003014200
3173040003014300
3173040003014400
3173040003014500
3173040003014600
3173040003014700
3173040003014800
3173040003014900
3173040003015000
3173040003015100
3173040003015200
3173040003015300
3173040003015400
3173040003015500
3173040003015600
3173040003015700
3173040003015800
3173040003015900
3173040003016000
3173040003016100
3173040003016200
3173040003016300
3173040003016400
3173040003016500
3173040003016600
3173040003016700
3173040003016800
3173040003016900
3173040003017000
3173040003017100
3173040003017200
3173040003017300
3173040003017400
3173040003017500
3173040003017600
3173040003017700
3173040003017800
3173040003017900
3173040003018000
3173040003018100
3173040003018200
3173040003018300
3173040003018400
3173040003018500
3173040003018600
3173040003018700
3173040003018800
3173040003018900
3173040003019000
3173040003019100
3173040003019200
3173040003019300
3173040003019400
3173040003019500
3173040004000100
3173040004000200
3173040004000300
3173040004000400
3173040004000500
3173040004000600
3173040004000700
3173040004000800
3173040004000900
3173040004001000
3173040004001100
3173040004001200
3173040004001300
3173040004001400
3173040004001500
3173040004001600
3173040004001700
3173040004001800
3173040004001900
3173040004002000
3173040004002100
3173040004002200
3173040004002300
3173040004002400
3173040004002500
3173040004002600
3173040004002700
3173040004002800
3173040004002900
3173040004003000
3173040004003100
3173040004003200
3173040004003300
3173040004003400
3173040004003500
3173040004003600
3173040004003700
3173040004003800
3173040004003900
3173040004004000
3173040004004100
3173040004004200
3173040004004300
3173040004004400
3173040004004501
3173040004004502
3173040004004503
3173040004004600
3173040004004700
3173040004004800
3173040004004900
3173040004005000
3173040004005100
3173040004005200
3173040004005300
3173040004005400
3173040004005500
3173040004005600
3173040004005700
3173040004005800
3173040004005900
3173040004006000
3173040004006100
3173040004006200
3173040004006300
3173040004006400
3173040004006500
3173040004006600
3173040004006700
3173040004006800
3173040004006900
3173040004007000
3173040004007100
3173040004007200
3173040004007300
3173040004007400
3173040004007500
3173040004007600
3173040004007700
3173040004007800
3173040004007900
3173040004008000
3173040004008100
3173040004008200
3173040004008300
3173040004008400
3173050001000100
3173050001000200
3173050001000300
3173050001000400
3173050001000500
3173050001000600
3173050001000700
3173050001000800
3173050001000900
3173050001001000
3173050001001100
3173050001001200
3173050001001300
3173050001001400
3173050001001500
3173050001001600
3173050001001700
3173050001001800
3173050001001900
3173050001002000
3173050001002100
3173050001002200
3173050001002300
3173050001002400
3173050001002500
3173050001002600
3173050001002700
3173050001002800
3173050001002900
3173050001003000
3173050001003100
3173050001003200
3173050001003300
3173050001003400
3173050001003500
3173050001003600
3173050001003700
3173050001003800
3173050001003900
3173050001004000
3173050001004100
3173050001004200
3173050001004300
3173050001004400
3173050001004500
3173050001004600
3173050001004701
3173050001004702
3173050001004800
3173050001004900
3173050001005000
3173050001005100
3173050001005201
3173050001005202
3173050001005300
3173050001005400
3173050001005500
3173050001005600
3173050001005700
3173050001005800
3173050001005900
3173050001006000
3173050001006100
3173050001006400
3173050001006500
3173050001006600
3173050001006700
3173050001006800
3173050001006900
3173050001007000
3173050001007100
3173050001007200
3173050001007300
3173050001007400
3173050001007500
3173050001007600
3173050001007700
3173050001007800
3173050001007900
3173050001008000
3173050001008100
3173050001008200
3173050001008300
3173050001008400
3173050001008500
3173050001008600
3173050001008700
3173050001008800
3173050001008900
3173050001009000
3173050001009100
3173050001009200
3173050001009300
3173050001009400
3173050001009500
3173050001009600
3173050001009700
3173050001009800
3173050001009900
3173050001010000
3173050001010100
3173050001010200
3173050001010300
3173050001010400
3173050001010500
3173050001010600
3173050001010700
3173050001010800
3173050001010900
3173050001011000
3173050001011100
3173050001011200
3173050001011300
3173050001011401
3173050001011402
3173050001011403
3173050001011404
3173050001011405
3173050001011406
3173050001011407
3173050001011408
3173050001011409
3173050001011410
3173050001011411
3173050001011412
3173050001011413
3173050001011414
3173050001011415
3173050001011416
3173050001011417
3173050001011418
3173050001011419
3173050001011420
3173050001011421
3173050001011422
3173050001011423
3173050001011424
3173050001011425
3173050001011426
3173050001011427
3173050001011428
3173050001011429
3173050001011430
3173050001011431
3173050001011432
3173050001011433
3173050001011434
3173050001011435
3173050001011436
3173050001011437
3173050001011438
3173050001011439
3173050001011440
3173050001011441
3173050001011442
3173050001011443
3173050001011444
3173050001011445
3173050001011446
3173050001011447
3173050001011501
3173050001011502
3173050001011503
3173050001011504
3173050001011505
3173050001011506
3173050001011507
3173050001011508
3173050001011509
3173050001011510
3173050001011511
3173050001011512
3173050001011513
3173050001011514
3173050001011515
3173050001011600
3173050001011700
3173050002000100
3173050002000200
3173050002000300
3173050002000400
3173050002000500
3173050002000600
3173050002000700
3173050002000800
3173050002000900
3173050002001000
3173050002001100
3173050002001200
3173050002001300
3173050002001400
3173050002001500
3173050002001600
3173050002001700
3173050002001800
3173050002001900
3173050002002000
3173050002002100
3173050002002200
3173050002002300
3173050002002400
3173050002002500
3173050002002601
3173050002002602
3173050002002700
3173050002002800
3173050002002900
3173050002003000
3173050002003100
3173050002003200
3173050002003300
3173050002003400
3173050002003500
3173050002003600
3173050002003700
3173050002003800
3173050002003900
3173050002004000
3173050002004100
3173050002004200
3173050002004300
3173050002004400
3173050002004500
3173050002004600
3173050002004700
3173050002004801
3173050002004802
3173050002004900
3173050002005000
3173050002005100
3173050002005200
3173050002005300
3173050002005400
3173050002005500
3173050002005600
3173050002005700
3173050002005800
3173050002005900
3173050002006000
3173050002006100
3173050002006200
3173050002006300
3173050002006400
3173050002006500
3173050002006600
3173050002006700
3173050002006800
3173050002006900
3173050002007000
3173050002007100
3173050002007200
3173050002007300
3173050002007400
3173050002007500
3173050002007600
3173050002007700
3173050002007800
3173050002007900
3173050002008100
3173050002008200
3173050002008300
3173050002008400
3173050002008500
3173050002008600
3173050002008700
3173050002008800
3173050002008900
3173050002009000
3173050002009100
3173050002009200
3173050002009300
3173050002009400
3173050002009500
3173050002009601
3173050002009602
3173050002009603
3173050002009604
3173050002009605
3173050002009606
3173050002009607
3173050002009608
3173050002009700
3173050002009800
3173050002009900
3173050002010000
3173050002010100
3173050002010200
3173050002010300
3173050002010400
3173050002010500
3173050002010600
3173050002400101
3173050002400102
3173050002400103
3173050002400104
3173050002400105
3173050002400106
3173050002400107
3173050002400108
3173050002400109
3173050002400110
3173050002500100
3173050003000100
3173050003000200
3173050003000300
3173050003000400
3173050003000500
3173050003000600
3173050003000700
3173050003000800
3173050003000900
3173050003001000
3173050003001100
3173050003001200
3173050003001300
3173050003001400
3173050003001500
3173050003001600
3173050003001700
3173050003001800
3173050003001900
3173050003002000
3173050003002100
3173050003002200
3173050003002300
3173050003002400
3173050003002500
3173050003002600
3173050003002700
3173050003002800
3173050003002900
3173050003003000
3173050003003100
3173050003003200
3173050003003300
3173050003003400
3173050003003500
3173050003003600
3173050003003701
3173050003003702
3173050003003800
3173050003003900
3173050003004000
3173050003004100
3173050003004200
3173050003004300
3173050003004400
3173050003004500
3173050003004600
3173050003004700
3173050003004800
3173050003004900
3173050003005000
3173050003005100
3173050003005200
3173050003005300
3173050003005400
3173050003005500
3173050003005600
3173050003005701
3173050003005702
3173050003005800
3173050003005900
3173050003006000
3173050003006100
3173050003006200
3173050003006300
3173050003006400
3173050003006500
3173050003006600
3173050003006700
3173050003006800
3173050003006900
3173050003007000
3173050003007100
3173050003007200
3173050003007300
3173050003007400
3173050003007500
3173050003007600
3173050003007700
3173050003007800
3173050003007900
3173050003008000
3173050003008100
3173050003008200
3173050003008300
3173050003008400
3173050003008500
3173050003008600
3173050003008700
3173050003008800
3173050003008900
3173050003009000
3173050003009100
3173050003009200
3173050003009300
3173050003009400
3173050003009500
3173050003009600
3173050003009700
3173050003009800
3173050003009900
3173050003010000
3173050003010100
3173050003010200
3173050003010300
3173050003010400
3173050003010500
3173050003010600
3173050003010700
3173050003010800
3173050003010900
3173050003011000
3173050003011100
3173050003011200
3173050003011300
3173050003011400
3173050003011500
3173050003011600
3173050003011700
3173050003011800
3173050003011900
3173050003012000
3173050003012100
3173050003012200
3173050003012300
3173050003012400
3173050003012500
3173050003012600
3173050003012700
3173050003012800
3173050003012900
3173050003013000
3173050003013100
3173050003013200
3173050003013300
3173050003013400
3173050003013500
3173050003013600
3173050003013700
3173050003013800
3173050003013900
3173050003014000
3173050003014100
3173050003014200
3173050003014300
3173050003014400
3173050003014500
3173050003014600
3173050003014700
3173050003014800
3173050003014900
3173050003015000
3173050003015100
3173050003015200
3173050003200201
3173050003200202
3173050003200203
3173050003200204
3173050003200205
3173050003200206
3173060001000100
3173060001000300
3173060001000400
3173060001000500
3173060001000600
3173060001000700
3173060001000800
3173060001000900
3173060001001000
3173060001001100
3173060001001200
3173060001001300
3173060001001400
3173060001001500
3173060001001600
3173060001001700
3173060001001800
3173060001001900
3173060001002000
3173060001002100
3173060001002200
3173060001002300
3173060001002400
3173060001002500
3173060001002600
3173060001002700
3173060001002800
3173060001002900
3173060001003000
3173060001003100
3173060001003200
3173060001003300
3173060001003400
3173060001003500
3173060001003600
3173060001003700
3173060001003800
3173060001003900
3173060001004000
3173060001004100
3173060001004200
3173060001004300
3173060001004400
3173060001004500
3173060001004600
3173060001004700
3173060001004800
3173060001004900
3173060001005000
3173060001005100
3173060001005200
3173060001005300
3173060001005400
3173060001005500
3173060001005600
3173060001005700
3173060001005800
3173060001005900
3173060001006000
3173060001006100
3173060001006200
3173060001006300
3173060001006400
3173060001006500
3173060001006600
3173060001006700
3173060001006800
3173060001006900
3173060001007000
3173060001007100
3173060001007200
3173060001007300
3173060001007400
3173060001007500
3173060001007600
3173060001007700
3173060001007800
3173060001007900
3173060001008000
3173060001008100
3173060001008200
3173060001008300
3173060001008400
3173060001008500
3173060001008600
3173060001008700
3173060001008800
3173060001008900
3173060001009000
3173060001009100
3173060001009200
3173060001009300
3173060001009400
3173060001009500
3173060001009600
3173060001009700
3173060001009800
3173060001009900
3173060001010000
3173060001010100
3173060001010201
3173060001010202
3173060001010300
3173060001010400
3173060001010500
3173060001010600
3173060001010700
3173060001010800
3173060001010900
3173060001011000
3173060001011100
3173060001011200
3173060001011300
3173060001011400
3173060001011500
3173060001011600
3173060001011700
3173060001011800
3173060001011900
3173060001012000
3173060002000100
3173060002000200
3173060002000300
3173060002000400
3173060002000500
3173060002000600
3173060002000700
3173060002000800
3173060002000900
3173060002001000
3173060002001100
3173060002001200
3173060002001300
3173060002001400
3173060002001500
3173060002001600
3173060002001700
3173060002001800
3173060002001900
3173060002002000
3173060002002100
3173060002002200
3173060002002300
3173060002002400
3173060002002500
3173060002002600
3173060002002700
3173060002002800
3173060002002900
3173060002003000
3173060002003100
3173060002003200
3173060002003300
3173060002003400
3173060002003500
3173060002003600
3173060002003700
3173060002003800
3173060002003900
3173060002004000
3173060002004100
3173060002004200
3173060002004300
3173060002004400
3173060002004500
3173060002004600
3173060002004700
3173060002004800
3173060002004900
3173060002005000
3173060002005100
3173060002005200
3173060002005300
3173060002005400
3173060002005500
3173060002005600
3173060002005700
3173060002005800
3173060002005900
3173060002006000
3173060002006100
3173060002006200
3173060002006300
3173060002006400
3173060002006500
3173060002006600
3173060002006700
3173060002006800
3173060002006900
3173060002007000
3173060002007100
3173060002007200
3173060002007300
3173060002007400
3173060002007500
3173060002007600
3173060002007700
3173060002007800
3173060002007900
3173060002008000
3173060002008100
3173060002008200
3173060002008300
3173060002008400
3173060002008500
3173060002008600
3173060002008700
3173060002008800
3173060002008900
3173060002009000
3173060002009100
3173060002009200
3173060002009300
3173060002009400
3173060002009500
3173060002009600
3173060002009700
3173060002009800
3173060002009900
3173060002010000
3173060002010100
3173060002010200
3173060002010300
3173060002010400
3173060002010500
3173060002010600
3173060002010700
3173060002010800
3173060002010900
3173060002011000
3173060002011100
3173060002011200
3173060002011300
3173060002011400
3173060002011500
3173060002011600
3173060002011700
3173060002011800
3173060002011900
3173060002012000
3173060002012100
3173060002012200
3173060002012300
3173060002012400
3173060002012500
3173060002012600
3173060002012700
3173060002012800
3173060002012900
3173060002013000
3173060002013100
3173060002013200
3173060002013300
3173060002013400
3173060002013500
3173060002013600
3173060002013700
3173060002013800
3173060003000100
3173060003000200
3173060003000300
3173060003000400
3173060003000500
3173060003000600
3173060003000700
3173060003000800
3173060003000900
3173060003001000
3173060003001100
3173060003001200
3173060003001300
3173060003001400
3173060003001500
3173060003001600
3173060003001700
3173060003001800
3173060003001900
3173060003002000
3173060003002100
3173060003002200
3173060003002300
3173060003002400
3173060003002500
3173060003002600
3173060003002700
3173060003002800
3173060003002900
3173060003003000
3173060003003100
3173060003003200
3173060003003300
3173060003003400
3173060003003500
3173060003003600
3173060003003700
3173060003003800
3173060003003900
3173060003004000
3173060003004100
3173060003004200
3173060003004300
3173060003004400
3173060003004500
3173060003004600
3173060003004700
3173060003004800
3173060003004900
3173060003005000
3173060003005100
3173060003005200
3173060003005300
3173060003005400
3173060003005500
3173060003005600
3173060003005700
3173060003005800
3173060003005900
3173060003006000
3173060003006100
3173060003006200
3173060003006300
3173060003006400
3173060003006500
3173060003006600
3173060003006700
3173060003006800
3173060003006900
3173060003007000
3173060003007100
3173060003007200
3173060003007300
3173060003007400
3173060003007500
3173060003007600
3173060003007700
3173060003007800
3173060003007900
3173060003008000
3173060003008100
3173060003008200
3173060003008300
3173060003008400
3173060003008500
3173060003008600
3173060003008700
3173060003008800
3173060003008900
3173060003009000
3173060003009100
3173060003009200
3173060003009300
3173060003009400
3173060003009500
3173060003009600
3173060003009700
3173060003009800
3173060003009900
3173060003010000
3173060003010100
3173060003010200
3173060003010300
3173060003010400
3173060003010500
3173060003010601
3173060003010602
3173060003010603
3173060003010604
3173060003010605
3173060003500101
3173060003500102
3173060003500103
3173060003500104
3173060003500105
3173060003500106
3173060003500107
3173060003500108
3173060003500109
3173060003500110
3173060003500111
3173060003500112
3173060003500113
3173060003500114
3173060003500115
3173060003500116
3173060003500117
3173060003500118
3173060003500119
3173060003500120
3173060003500121
3173060003500122
3173060003500123
3173060003500124
3173060003500125
3173060003500126
3173060003500127
3173060003500128
3173060003500129
3173060003500130
3173060003500131
3173060003500132
3173060003500133
3173060003500134
3173060003500135
3173060003500136
3173060003500137
3173060003500138
3173060004000100
3173060004000200
3173060004000300
3173060004000400
3173060004000500
3173060004000600
3173060004000700
3173060004000800
3173060004000900
3173060004001000
3173060004001100
3173060004001200
3173060004001300
3173060004001400
3173060004001500
3173060004001600
3173060004001700
3173060004001800
3173060004001900
3173060004002000
3173060004002100
3173060004002200
3173060004002300
3173060004002400
3173060004002500
3173060004002600
3173060004002700
3173060004002800
3173060004002900
3173060004003000
3173060004003100
3173060004003200
3173060004003300
3173060004003400
3173060004003500
3173060004003600
3173060004003700
3173060004003800
3173060004003900
3173060004004000
3173060004004100
3173060004004200
3173060004004300
3173060004004400
3173060004004500
3173060004004600
3173060004004700
3173060004004800
3173060004004900
3173060004005000
3173060004005100
3173060004005200
3173060004005300
3173060004005400
3173060004005500
3173060004005600
3173060004005700
3173060004005800
3173060004005900
3173060004006000
3173060004006100
3173060004006200
3173060004006300
3173060004006400
3173060004006500
3173060004006600
3173060004006700
3173060004006800
3173060004006900
3173060004007000
3173060004007100
3173060004007200
3173060004007300
3173060004007400
3173060004007500
3173060004007600
3173060004007700
3173060004007800
3173060004007900
3173060004008000
3173060004008100
3173060004008200
3173060004008300
3173060004008400
3173060004008500
3173060004008601
3173060004008602
3173060004008603
3173060004008604
3173060004008605
3173060004008606
3173060004008700
3173060004008800
3173060004008900
3173060004009000
3173060004009100
3173060004009200
3173060004009300
3173060004009400
3173060004009500
3173060004009600
3173060004009700
3173060004009800
3173060004009900
3173060004010000
3173060004010100
3173060004010200
3173060004010300
3173060004010400
3173060004010500
3173060004010600
3173060004010700
3173060004010800
3173060004010900
3173060004011000
3173060004011100
3173060004011200
3173060004011300
3173060005000101
3173060005000102
3173060005000200
3173060005000300
3173060005000401
3173060005000402
3173060005000403
3173060005000500
3173060005000600
3173060005000700
3173060005000800
3173060005000900
3173060005001000
3173060005001100
3173060005001200
3173060005001300
3173060005001400
3173060005001500
3173060005001600
3173060005001700
3173060005001800
3173060005001900
3173060005002000
3173060005002100
3173060005002200
3173060005002300
3173060005002400
3173060005002500
3173060005002600
3173060005002700
3173060005002800
3173060005002900
3173060005003000
3173060005003100
3173060005003200
3173060005003300
3173060005003400
3173060005003500
3173060005003600
3173060005003700
3173060005003800
3173060005003900
3173060005004000
3173060005004100
3173060005004200
3173060005004300
3173060005004400
3173060005004500
3173060005004600
3173060005004700
3173060005004800
3173060005004900
3173060005005000
3173060005005100
3173060005005200
3173060005005300
3173060005005400
3173060005005500
3173060005005600
3173060005005700
3173060005005800
3173060005005900
3173060005006000
3173060005006100
3173060005006200
3173060005006300
3173060005006400
3173060005006500
3173060005006600
3173060005006700
3173060005006800
3173060005006900
3173060005007000
3173060005007100
3173060005007200
3173060005007300
3173060005007400
3173060005007500
3173060005007600
3173060005007700
3173060005007800
3173060005007900
3173060005008000
3173060005008100
3173060005008200
3173060005008300
3173060005008400
3173060005008500
3173060005008600
3173060005008700
3173060005008800
3173060005008900
3173060005009000
3173060005009100
3173060005009200
3173060005009300
3173060005009400
3173060005009500
3173060005009600
3173060005009700
3173060005009800
3173060005009900
3173060005010000
3173060005010100
3173060005010200
3173060005010300
3173060005010400
3173060005010500
3173060005010600
3173060005010700
3173060005010900
3173060005011000
3173060005011100
3173060005011200
3173060005011300
3173060005011400
3173060005011500
3173060005011600
3173060005011700
3173060005011800
3173060005011900
3173060005012001
3173060005012002
3173060005012003
3173060005012100
3173060005012200
3173060005012300
3173060005012400
3173060005012500
3173060005012600
3173060005012700
3173060005012800
3173060005012900
3173060005013000
3173060005013100
3173060005013200
3173060005013300
3173060005013400
3173060005013500
3173060005013600
3173060005013700
3173060005013800
3173060005013900
3173060006000100
3173060006000200
3173060006000300
3173060006000400
3173060006000500
3173060006000600
3173060006000700
3173060006000800
3173060006000900
3173060006001000
3173060006001100
3173060006001200
3173060006001300
3173060006001400
3173060006001500
3173060006001600
3173060006001700
3173060006001800
3173060006001900
3173060006002000
3173060006002100
3173060006002200
3173060006002300
3173060006002400
3173060006002500
3173060006002600
3173060006002700
3173060006002800
3173060006002900
3173060006003000
3173060006003100
3173060006003200
3173060006003300
3173060006003400
3173060006003500
3173060006003600
3173060006003700
3173060006003800
3173060006003900
3173060006004000
3173060006004100
3173060006004200
3173060006004300
3173060006004400
3173060006004500
3173060006004600
3173060006004700
3173060006004800
3173060006004900
3173060006005000
3173060006005100
3173060006005200
3173060006005300
3173060006005400
3173060006005500
3173060006005600
3173060006005700
3173060006005800
3173060006005900
3173060006006000
3173060006006100
3173060006006200
3173060006006301
3173060006006302
3173060006006400
3173060006006500
3173060006006600
3173060006006701
3173060006006702
3173060006006703
3173060006006800
3173060006006901
3173060006006902
3173060006006903
3173060006006904
3173060006006905
3173060006007001
3173060006007002
3173060006007101
3173060006007102
3173060006007201
3173060006007202
3173060006007301
3173060006007302
3173060006007401
3173060006007402
3173060006007500
3173060006007600
3173060006007700
3173060006007800
3173060006007900
3173060006008000
3173060006008100
3173060006008200
3173060006008300
3173060006008400
3173060006008500
3173060006008600
3173060006008701
3173060006008702
3173060006008703
3173060006008704
3173060006008800
3173060006008900
3173060006009000
3173060006009100
3173060006009200
3173060006009300
3173060006009400
3173060006009500
3173060006009600
3173060006009700
3173060006009800
3173060006009900
3173060006010000
3173060006010100
3173060006010201
3173060006010202
3173060006010300
3173060006010400
3173060006010500
3173060006010600
3173060006010700
3173060006010800
3173060006010900
3173060006011000
3173060006011100
3173060006011200
3173060006011300
3173060006011400
3173060006011500
3173060006011600
3173060006011700
3173060006011801
3173060006011802
3173060006011900
3173060006012000
3173060006012100
3173060006012200
3173060006012300
3173060006012400
3173060006012500
3173060006012600
3173060006012700
3173060006012800
3173060006012900
3173060006013000
3173060006013101
3173060006013102
3173060006013103
3173060006013104
3173060006013200
3173060006013301
3173060006013302
3173060006013303
3173060006013400
3173060006013500
3173060006013600
3173060006013700
3173060006013800
3173060006013900
3173060006014000
3173060006014100
3173060006014200
3173060006014300
3173060006014400
3173060006014500
3173060006014600
3173060006014700
3173060006014800
3173060006014900
3173060006015000
3173060006015100
3173060006015200
3173060006015300
3173060006015400
3173060006015500
3173060006015600
3173060006015700
3173060006015801
3173060006015802
3173060006015803
3173060006015804
3173060006015805
3173060006015806
3173060006015900
3173060006016000
3173060006016100
3173060006016200
3173060006016300
3173060006016400
3173060006016500
3173060006016600
3173060006016700
3173060006016801
3173060006016802
3173060006016803
3173060006016804
3173060006016805
3173060006016806
3173060006016807
3173060006016808
3173060006016809
3173060006016810
3173060006016811
3173060006016901
3173060006016902
3173060006016903
3173060006017001
3173060006017002
3173060006017003
3173060006300100
3173060006400800
3173060006400900
3173060006401000
3173060006401100
3173060007000100
3173060007000200
3173060007000300
3173060007000400
3173060007000500
3173060007000600
3173060007000700
3173060007000800
3173060007000900
3173060007001000
3173060007001100
3173060007001200
3173060007001300
3173060007001400
3173060007001500
3173060007001600
3173060007001700
3173060007001800
3173060007001900
3173060007002000
3173060007002100
3173060007002200
3173060007002300
3173060007002400
3173060007002500
3173060007002600
3173060007002700
3173060007002800
3173060007002900
3173060007003000
3173060007003100
3173060007003200
3173060007003300
3173060007003400
3173060007003500
3173060007003600
3173060007003700
3173060007003800
3173060007003900
3173060007004000
3173060007004100
3173060007004200
3173060007004300
3173060007004400
3173060007004500
3173060007004600
3173060007004700
3173060007004800
3173060007004900
3173060007005000
3173060007005100
3173060007005200
3173060007005300
3173060007005400
3173060007005500
3173060007005600
3173060007005700
3173060007005800
3173060007005900
3173060007006000
3173060007006100
3173060007006200
3173060007006300
3173060007006400
3173060007006500
3173060007006600
3173060007006700
3173060007006800
3173060007006900
3173060007007000
3173060007007100
3173060007007200
3173060007007300
3173060007007400
3173060007007500
3173060007007600
3173060007007700
3173060007007800
3173060007007900
3173060007008001
3173060007008002
3173060007008100
3173060007008200
3173060007008300
3173060007008400
3173060007008500
3173060007008600
3173060007008700
3173060007008800
3173060007008900
3173060007009000
3173060007009100
3173060007009200
3173060007009300
3173060007009400
3173060007009500
3173060007009600
3173060007009700
3173060007009800
3173060007009900
3173060007010000
3173060007010100
3173060007010200
3173060007010300
3173060007010400
3173060007010500
3173060007010600
3173060007010700
3173060007010800
3173060007010900
3173060007011000
3173060007011100
3173060007011200
3173060007011300
3173060007011400
3173060007011500
3173060007011600
3173060007011700
3173060007011800
3173060007011900
3173060007012000
3173060008000100
3173060008000300
3173060008000400
3173060008000500
3173060008000600
3173060008000800
3173060008000900
3173060008001000
3173060008001101
3173060008001102
3173060008001201
3173060008001202
3173060008001300
3173060008001400
3173060008001500
3173060008001600
3173060008001700
3173060008001800
3173060008001900
3173060008002000
3173060008002100
3173060008002200
3173060008002300
3173060008002400
3173060008002500
3173060008002600
3173060008002700
3173060008002800
3173060008002900
3173060008003000
3173060008003100
3173060008003200
3173060008003300
3173060008003400
3173060008003500
3173060008003600
3173060008003700
3173060008003800
3173060008003900
3173060008004000
3173060008004100
3173060008004200
3173060008004300
3173060008004400
3173060008004500
3173060008004600
3173060008004700
3173060008004800
3173060008004900
3173060008005000
3173060008005100
3173060008005200
3173060008005300
3173060008005400
3173060008005500
3173060008005600
3173060008005700
3173060008005800
3173060008005900
3173060008006000
3173060008006100
3173060008006200
3173060008006300
3173060008006400
3173060008006500
3173060008006600
3173060008006700
3173060008006800
3173060008006900
3173060008007000
3173060008007100
3173060008007200
3173060008007300
3173060008007400
3173060008007500
3173060008007600
3173060008007700
3173060008007800
3173060008007900
3173060008008000
3173060008008100
3173060008008200
3173060008008300
3173060008008400
3173060008008500
3173060008008600
3173060008008800
3173060008008900
3173060008009000
3173060008009100
3173060008009200
3173060008009300
3173060008009400
3173060008009500
3173060008009600
3173060008009700
3173060008009800
3173060008009900
3173060008010000
3173060008010100
3173060008010200
3173060008010300
3173060008010400
3173060008010500
3173060008010600
3173060008010700
3173060008010800
3173060008010900
3173060008011000
3173060008011100
3173060008011200
3173060008011300
3173060008011400
3173060008011500
3173060008011600
3173060008011701
3173060008011702
3173060008011703
3173060008011704
3173060008011705
3173060008011706
3173060008011707
3173060008011708
3173060008011800
3173060008011900
3173060008500400
3173070001000100
3173070001000200
3173070001000300
3173070001000400
3173070001000500
3173070001000600
3173070001000700
3173070001000800
3173070001000900
3173070001001000
3173070001001100
3173070001001201
3173070001001202
3173070001001203
3173070001001300
3173070001001400
3173070001001500
3173070001001600
3173070001001700
3173070001001800
3173070001001900
3173070001002000
3173070001002100
3173070001002201
3173070001002202
3173070001002301
3173070001002302
3173070001002303
3173070001002304
3173070001002305
3173070001002306
3173070001002400
3173070001002501
3173070001002502
3173070001002503
3173070001002600
3173070001002701
3173070001002702
3173070001002703
3173070001002900
3173070001003001
3173070001003002
3173070001003101
3173070001003102
3173070001003201
3173070001003202
3173070001003300
3173070001003401
3173070001003402
3173070001003501
3173070001003502
3173070001003601
3173070001003602
3173070001003701
3173070001003702
3173070001003801
3173070001003802
3173070001003900
3173070001004000
3173070001004100
3173070001004200
3173070001004300
3173070001004400
3173070001004500
3173070001004600
3173070001004700
3173070001004800
3173070001004900
3173070001005000
3173070001005100
3173070001005200
3173070001005300
3173070001005400
3173070001005500
3173070001005600
3173070001005700
3173070001005800
3173070001005900
3173070001006000
3173070001006101
3173070001006102
3173070001006200
3173070001006300
3173070001006400
3173070001006500
3173070001006600
3173070001006700
3173070001006801
3173070001006802
3173070001006900
3173070001007000
3173070001007100
3173070001007201
3173070001007202
3173070001007300
3173070001007400
3173070001007500
3173070001007600
3173070001300100
3173070002000100
3173070002000200
3173070002000300
3173070002000400
3173070002000500
3173070002000600
3173070002000700
3173070002000800
3173070002000900
3173070002001000
3173070002001100
3173070002001200
3173070002001300
3173070002001400
3173070002001500
3173070002001600
3173070002001700
3173070002001800
3173070002001900
3173070002002000
3173070002002100
3173070002002200
3173070002002300
3173070002002400
3173070002002500
3173070002002600
3173070002002700
3173070002002800
3173070002002900
3173070002003001
3173070002003002
3173070002003003
3173070002003100
3173070002003201
3173070002003202
3173070002003203
3173070002003204
3173070002003205
3173070002003206
3173070002003207
3173070002003208
3173070002003209
3173070002003210
3173070002003211
3173070002003300
3173070002003400
3173070002003500
3173070002003600
3173070002003700
3173070002003800
3173070002003900
3173070002004000
3173070002004100
3173070002004200
3173070002004300
3173070002004400
3173070002004500
3173070002004600
3173070002004700
3173070002004800
3173070002004901
3173070002004902
3173070002004903
3173070002004904
3173070002004905
3173070002004906
3173070002004907
3173070002004908
3173070002005000
3173070002005100
3173070002005200
3173070002005300
3173070002005400
3173070002005500
3173070002005600
3173070002005700
3173070002005800
3173070002005900
3173070002006000
3173070002006100
3173070002006200
3173070002006300
3173070002006400
3173070002006500
3173070002006600
3173070002006700
3173070002006800
3173070002006900
3173070002007000
3173070002007100
3173070002007200
3173070002007300
3173070002007400
3173070002007500
3173070002007600
3173070002007700
3173070002007800
3173070002007900
3173070002008000
3173070002008100
3173070002008200
3173070002008300
3173070002008400
3173070002008500
3173070002008600
3173070002008700
3173070002008800
3173070002008900
3173070002009000
3173070002009100
3173070002009200
3173070002009300
3173070002009400
3173070002009500
3173070002009600
3173070002009700
3173070002009800
3173070002009900
3173070003000100
3173070003000200
3173070003000300
3173070003000400
3173070003000500
3173070003000600
3173070003000700
3173070003000800
3173070003000900
3173070003001000
3173070003001100
3173070003001200
3173070003001300
3173070003001400
3173070003001500
3173070003001601
3173070003001602
3173070003001603
3173070003001700
3173070003001800
3173070003001900
3173070003002000
3173070003002100
3173070003002200
3173070003002300
3173070003002400
3173070003002500
3173070003002600
3173070003002700
3173070003002800
3173070003002900
3173070003003000
3173070003003100
3173070003003200
3173070003003300
3173070003003400
3173070003003500
3173070003003600
3173070003003700
3173070003003800
3173070003003900
3173070003004000
3173070003004100
3173070003004200
3173070003004300
3173070003004400
3173070003004500
3173070003004600
3173070003004700
3173070003004800
3173070003004900
3173070003005000
3173070003005100
3173070003005200
3173070003005300
3173070003005400
3173070003005500
3173070003005600
3173070003005700
3173070003005800
3173070003005900
3173070003006000
3173070003006100
3173070003006200
3173070003006300
3173070003006400
3173070003006500
3173070003006600
3173070003006700
3173070003006800
3173070003006900
3173070003007000
3173070003007100
3173070003007200
3173070003007300
3173070003007400
3173070003007500
3173070003007600
3173070003007700
3173070003007800
3173070003007900
3173070003008000
3173070003008100
3173070003008200
3173070003008300
3173070003008400
3173070003008500
3173070003008600
3173070003008700
3173070003008800
3173070003008900
3173070003009000
3173070003009100
3173070003009200
3173070003009300
3173070003009400
3173070003009500
3173070003009600
3173070003009700
3173070003009800
3173070003009900
3173070003010000
3173070003010100
3173070003010200
3173070003010300
3173070003010400
3173070003010500
3173070003010600
3173070003010700
3173070003010800
3173070003010900
3173070003011000
3173070003011100
3173070003011200
3173070003011300
3173070003011400
3173070003011500
3173070003011600
3173070003011700
3173070003011800
3173070003011900
3173070003012000
3173070003012100
3173070003012200
3173070003012300
3173070003012400
3173070003012500
3173070003012600
3173070003012700
3173070003500100
3173070004000100
3173070004000200
3173070004000300
3173070004000400
3173070004000500
3173070004000600
3173070004000700
3173070004000800
3173070004000900
3173070004001000
3173070004001100
3173070004001200
3173070004001300
3173070004001400
3173070004001500
3173070004001600
3173070004001700
3173070004001800
3173070004001900
3173070004002000
3173070004002100
3173070004002200
3173070004002300
3173070004002400
3173070004002500
3173070004002600
3173070004002700
3173070004002800
3173070004002900
3173070004003000
3173070004003100
3173070004003200
3173070004003300
3173070004003400
3173070004003500
3173070004003600
3173070004003700
3173070004003800
3173070004003900
3173070004004000
3173070004004100
3173070004004200
3173070004004300
3173070004004400
3173070004004500
3173070004004600
3173070004004700
3173070004004800
3173070004004900
3173070004005000
3173070004005100
3173070004005200
3173070004005300
3173070004005400
3173070004005500
3173070004005600
3173070004005700
3173070004005800
3173070004005900
3173070004006000
3173070004006100
3173070004006200
3173070004006300
3173070004006400
3173070004006500
3173070004006600
3173070004006700
3173070004006800
3173070004006900
3173070004007000
3173070004007100
3173070004007200
3173070004007300
3173070004007400
3173070004007500
3173070004007600
3173070004007700
3173070004007800
3173070004007900
3173070004008000
3173070004008100
3173070004008200
3173070004008300
3173070004008400
3173070004008500
3173070004008600
3173070004008700
3173070004008800
3173070004008900
3173070004009000
3173070004009100
3173070004009200
3173070004009300
3173070004009400
3173070004009500
3173070004009600
3173070004009700
3173070004009800
3173070004009900
3173070004010000
3173070004010100
3173070004010200
3173070004010300
3173070004010400
3173070004010500
3173070004010600
3173070004010700
3173070004010800
3173070004010900
3173070004011000
3173070004011100
3173070004011200
3173070004011300
3173070004011400
3173070004011500
3173070004011600
3173070004011700
3173070004011800
3173070004011900
3173070004012000
3173070004012100
3173070004012200
3173070004012300
3173070004012400
3173070004012500
3173070004012600
3173070004012700
3173070004012800
3173070004012900
3173070004013000
3173070004013100
3173070004013200
3173070004013300
3173070004013400
3173070004013500
3173070004013600
3173070004013700
3173070004013800
3173070004013900
3173070004014000
3173070004014100
3173070004014200
3173070004014300
3173070004014400
3173070004014500
3173070004014600
3173070004014700
3173070004014800
3173070004014900
3173070004015000
3173070004015100
3173070004015200
3173070004015300
3173070004015400
3173070004015500
3173070004015600
3173070004015700
3173070004015800
3173070004015900
3173070004016000
3173070004016100
3173070004016200
3173070004016300
3173070004016400
3173070004016500
3173070004500200
3173070005000100
3173070005000200
3173070005000300
3173070005000400
3173070005000500
3173070005000600
3173070005000700
3173070005000800
3173070005000900
3173070005001000
3173070005001100
3173070005001200
3173070005001300
3173070005001400
3173070005001500
3173070005001600
3173070005001700
3173070005001800
3173070005001900
3173070005002000
3173070005002100
3173070005002200
3173070005002300
3173070005002400
3173070005002500
3173070005002600
3173070005002700
3173070005002800
3173070005002900
3173070005003000
3173070005003100
3173070005003200
3173070005003300
3173070005003400
3173070005003500
3173070005003600
3173070005003700
3173070005003800
3173070005003900
3173070005004000
3173070005004100
3173070005004200
3173070005004300
3173070005004400
3173070005004500
3173070005004600
3173070005004700
3173070005004800
3173070005004900
3173070005005000
3173070005005100
3173070005005200
3173070005005300
3173070005005400
3173070005005500
3173070005005600
3173070005005700
3173070005005800
3173070005005900
3173070005006000
3173070005006100
3173070005006200
3173070005006300
3173070005006400
3173070005006500
3173070005006601
3173070005006602
3173070005006603
3173070005006700
3173070005006800
3173070005006900
3173070005007001
3173070005007002
3173070005007100
3173070005007200
3173070005007300
3173070005007400
3173070005007500
3173070005007600
3173070005007700
3173070005007800
3173070005007900
3173070005008000
3173070005008100
3173070005008201
3173070005008202
3173070005008300
3173070005008400
3173070005008500
3173070005008600
3173070005008700
3173070005008800
3173070005008900
3173070005009000
3173070005009100
3173070005009200
3173070005009300
3173070005009400
3173070005009500
3173070005009600
3173070005009700
3173070005009800
3173070005009900
3173070005010000
3173070005010100
3173070005010200
3173070005010300
3173070005010400
3173070005010500
3173070005010600
3173070005010700
3173070005010800
3173070005010900
3173070005011000
3173070005011100
3173070005011200
3173070005011300
3173070005011400
3173070005011500
3173070005011600
3173070005011700
3173070005011800
3173070005011900
3173070005012001
3173070005012002
3173070005012100
3173070005012200
3173070005012300
3173070005012401
3173070005012402
3173070005012403
3173070005012404
3173070005012405
3173070005012406
3173070005012407
3173070005012408
3173070005012409
3173070005012410
3173070005012411
3173070005012412
3173070005012413
3173070005012414
3173070005012415
3173070005012416
3173070005012417
3173070005012418
3173070005012500
3173070005012600
3173070005012701
3173070005012702
3173070005012703
3173070005012704
3173070005012705
3173070005012706
3173070005012707
3173070005012708
3173070005012709
3173070005012710
3173070005012711
3173070005012712
3173070005012713
3173070005012800
3173080001000100
3173080001000200
3173080001000300
3173080001000400
3173080001000500
3173080001000600
3173080001000700
3173080001000800
3173080001000900
3173080001001000
3173080001001100
3173080001001200
3173080001001300
3173080001001400
3173080001001500
3173080001001600
3173080001001700
3173080001001800
3173080001001900
3173080001002000
3173080001002100
3173080001002200
3173080001002300
3173080001002400
3173080001002500
3173080001002600
3173080001002700
3173080001002900
3173080001003000
3173080001003100
3173080001003300
3173080001003400
3173080001003500
3173080001003600
3173080001003700
3173080001003800
3173080001003900
3173080001004000
3173080001004100
3173080001004200
3173080001004300
3173080001004400
3173080001004500
3173080001004600
3173080001004700
3173080001004800
3173080001004900
3173080001005000
3173080001005100
3173080001005200
3173080001005300
3173080001005400
3173080001005500
3173080001005600
3173080001005700
3173080001005800
3173080001005900
3173080001006000
3173080001006100
3173080001006200
3173080001006300
3173080001006400
3173080001006500
3173080001006600
3173080001006700
3173080001006800
3173080001006900
3173080001007000
3173080001007100
3173080001007200
3173080001007300
3173080001007400
3173080001007500
3173080001007701
3173080001007702
3173080001007703
3173080001007704
3173080001007705
3173080001007706
3173080001007707
3173080001007708
3173080001007709
3173080001007710
3173080001007800
3173080001007900
3173080001008000
3173080001008100
3173080001008200
3173080001008300
3173080001008400
3173080001008500
3173080001008600
3173080001008700
3173080001008800
3173080001008900
3173080001009000
3173080001009100
3173080001009200
3173080001009300
3173080001009400
3173080001009500
3173080001009600
3173080001009700
3173080001009800
3173080001009900
3173080001010000
3173080001010100
3173080001010200
3173080001010300
3173080001010400
3173080001010500
3173080001010600
3173080001010700
3173080001010800
3173080001010900
3173080001011000
3173080001011100
3173080001011200
3173080001011300
3173080001500100
3173080001500200
3173080002000100
3173080002000200
3173080002000300
3173080002000400
3173080002000500
3173080002000600
3173080002000700
3173080002000800
3173080002000900
3173080002001000
3173080002001100
3173080002001200
3173080002001300
3173080002001400
3173080002001500
3173080002001600
3173080002001700
3173080002001800
3173080002001900
3173080002002000
3173080002002100
3173080002002200
3173080002002300
3173080002002400
3173080002002500
3173080002002600
3173080002002700
3173080002002800
3173080002002900
3173080002003000
3173080002003100
3173080002003200
3173080002003300
3173080002003400
3173080002003500
3173080002003600
3173080002003700
3173080002003800
3173080002003900
3173080002004000
3173080002004100
3173080002004200
3173080002004300
3173080002004400
3173080002004500
3173080002004600
3173080002004700
3173080002004800
3173080002004900
3173080002005000
3173080002005100
3173080002005200
3173080002005300
3173080002005400
3173080002005500
3173080002005600
3173080002005700
3173080002005800
3173080002005900
3173080002006000
3173080002006100
3173080002006200
3173080002006300
3173080002006401
3173080002006402
3173080002006500
3173080002006600
3173080002006700
3173080002006800
3173080002006900
3173080002007000
3173080002007100
3173080002007200
3173080002007300
3173080002007400
3173080002007500
3173080002007600
3173080002007700
3173080002007800
3173080002007900
3173080002008000
3173080002008100
3173080002008200
3173080002008301
3173080002008302
3173080002008303
3173080002008304
3173080002008401
3173080002008402
3173080002500100
3173080002500200
3173080003000100
3173080003000200
3173080003000300
3173080003000400
3173080003000500
3173080003000600
3173080003000700
3173080003000800
3173080003000900
3173080003001000
3173080003001100
3173080003001201
3173080003001202
3173080003001203
3173080003001204
3173080003001205
3173080003001206
3173080003500201
3173080003500202
3173080003500203
3173080004000100
3173080004000200
3173080004000300
3173080004000400
3173080004000500
3173080004000600
3173080004000700
3173080004000800
3173080004000900
3173080004001000
3173080004001100
3173080004001200
3173080004001300
3173080004001400
3173080004001500
3173080004001600
3173080004001700
3173080004001800
3173080004001900
3173080004002000
3173080004002100
3173080004002201
3173080004002202
3173080004002301
3173080004002302
3173080004002400
3173080004002500
3173080004002600
3173080004002700
3173080004002800
3173080004002900
3173080004003000
3173080004003100
3173080004003200
3173080004003300
3173080004003400
3173080004003500
3173080004003600
3173080004003701
3173080004003702
3173080004003703
3173080004003704
3173080004003800
3173080004003900
3173080004004000
3173080004004100
3173080004004200
3173080004004300
3173080004004400
3173080004004500
3173080004004600
3173080004004700
3173080004004801
3173080004004802
3173080004004900
3173080005000100
3173080005000200
3173080005000300
3173080005000400
3173080005000500
3173080005000600
3173080005000700
3173080005000800
3173080005000900
3173080005001000
3173080005001100
3173080005001200
3173080005001300
3173080005001400
3173080005001500
3173080005001600
3173080005001700
3173080005001800
3173080005001901
3173080005001902
3173080005002000
3173080005002100
3173080005002200
3173080005002300
3173080005002400
3173080005002500
3173080005002600
3173080005002700
3173080005002800
3173080005002900
3173080005003000
3173080005003100
3173080005003200
3173080005003300
3173080005003400
3173080005003500
3173080005003600
3173080005003700
3173080005003800
3173080005003900
3173080005004000
3173080005004100
3173080005004200
3173080005004300
3173080005004400
3173080005004500
3173080005004601
3173080005004602
3173080005004603
3173080005004700
3173080005004801
3173080005004802
3173080005004900
3173080005005000
3173080005005100
3173080005005200
3173080005005300
3173080005005400
3173080005005500
3173080005005600
3173080005005700
3173080005005800
3173080005005900
3173080005006000
3173080005006100
3173080005006200
3173080005006300
3173080005006400
3173080005006500
3173080005006600
3173080005006700
3173080005006800
3173080005006900
3173080005007000
3173080005007100
3173080005007300
3173080005007400
3173080005007500
3173080005007600
3173080005007700
3173080005007800
3173080005007900
3173080005008000
3173080005008100
3173080005008200
3173080005008300
3173080005008400
3173080005008500
3173080005008600
3173080005008700
3173080005008800
3173080005008901
3173080005008902
3173080005008903
3173080005008904
3173080005008905
3173080005009000
3173080005009100
3173080005009200
3173080005009300
3173080005009400
3173080005009500
3173080005009600
3173080005009700
3173080005009800
3173080005009900
3173080005500101
3173080005500102
3173080005500200
3173080005500300
3173080006000100
3173080006000200
3173080006000300
3173080006000400
3173080006000500
3173080006000600
3173080006000700
3173080006000800
3173080006000900
3173080006001000
3173080006001100
3173080006001200
3173080006001300
3173080006001400
3173080006001500
3173080006001600
3173080006001700
3173080006001800
3173080006001900
3173080006002000
3173080006002101
3173080006002102
3173080006002500
3173080006002600
3173080006002700
3173080006002800
3173080006002900
3173080006003000
3173080006003100
3173080006003200
3173080006003300
3173080006003400
3173080006003500
3173080006003600
3173080006003700
3173080006003800
3173080006003901
3173080006003902
3173080006004300
3173080006004400
3173080006004500
3173080006004600
3173080006004700
3173080006004800
3173080006004900
3173080006005000
3173080006005100
3173080006005200
3173080006005300
3173080006005400
3173080006005500
3173080006005600
3173080006005700
3173080006005800
3173080006005900
3173080006006000
3173080006006100
3173080006006200
3173080006006300
3173080006006400
3173080006006500
3173080006006600
3173080006006700
3173080006006800
3173080006006900
3173080006007000
3173080006007100
3173080006007200
3173080006007300
3173080006007400
3173080006007500
3173080006007600
3173080006007700
3173080006007800
3173080006007900
3173080006008000
3173080006008100
3173080006008200
3173080006008300
3173080006008400
3173080006008500
3173080006008600
3173080006008700
3173080006008800
3173080006009300
3173080006009400
3173080006009500
3173080006009600
3173080006009700
3173080006009800
3173080006009900
3173080006010000
3173080006010100
3173080006010200
3173080006010300
3173080006010400
3173080006010500
3173080006010600
3173080006500100
